0.16666666666666666 0.16666666666666666 0.16666666666666666 0.16666666666666666 0.16666666666666666 0.16666666666666666
0.16666666666666666 0.16666666666666666 0.16666666666666666 0.16666666666666666 0.16666666666666666 0.16666666666666666
0.16666666666666666 0.16666666666666666 0.16666666666666666 0.16666666666666666 0.16666666666666666 0.16666666666666666
0.16666666666666666 0.16666666666666666 0.16666666666666666 0.16666666666666666 0.16666666666666666 0.16666666666666666
0.16666666666666666 0.16666666666666666 0.16666666666666666 0.16666666666666666 0.16666666666666666 0.16666666666666666
0.16666666666666666 0.16666666666666666 0.16666666666666666 0.16666666666666666 0.16666666666666666 0.16666666666666666
0.16666666666666666 0.16666666666666666 0.16666666666666666 0.16666666666666666 0.16666666666666666 0.16666666666666666
0.16666666666666666 0.16666666666666666 0.16666666666666666 0.16666666666666666 0.16666666666666666 0.16666666666666666
0.16666666666666666 0.16666666666666666 0.16666666666666666 0.16666666666666666 0.16666666666666666 0.16666666666666666
0.16666666666666666 0.16666666666666666 0.16666666666666666 0.16666666666666666 0.16666666666666666 0.16666666666666666
0.16666666666666666 0.16666666666666666 0.16666666666666666 0.16666666666666666 0.16666666666666666 0.16666666666666666
0.16666666666666666 0.16666666666666666 0.16666666666666666 0.16666666666666666 0.16666666666666666 0.16666666666666666
0.16666666666666666 0.16666666666666666 0.16666666666666666 0.16666666666666666 0.16666666666666666 0.16666666666666666
0.16666666666666666 0.16666666666666666 0.16666666666666666 0.16666666666666666 0.16666666666666666 0.16666666666666666
0.16666666666666666 0.16666666666666666 0.16666666666666666 0.16666666666666666 0.16666666666666666 0.16666666666666666
0.16666666666666666 0.16666666666666666 0.16666666666666666 0.16666666666666666 0.16666666666666666 0.16666666666666666
0.16666666666666666 0.16666666666666666 0.16666666666666666 0.16666666666666666 0.16666666666666666 0.16666666666666666
0.16666666666666666 0.16666666666666666 0.16666666666666666 0.16666666666666666 0.16666666666666666 0.16666666666666666
0.16666666666666666 0.16666666666666666 0.16666666666666666 0.16666666666666666 0.16666666666666666 0.16666666666666666
0.16666666666666666 0.16666666666666666 0.16666666666666666 0.16666666666666666 0.16666666666666666 0.16666666666666666
0.16666666666666666 0.16666666666666666 0.16666666666666666 0.16666666666666666 0.16666666666666666 0.16666666666666666
0.16666666666666666 0.16666666666666666 0.16666666666666666 0.16666666666666666 0.16666666666666666 0.16666666666666666
0.16666666666666666 0.16666666666666666 0.16666666666666666 0.16666666666666666 0.16666666666666666 0.16666666666666666
0.16666666666666666 0.16666666666666666 0.16666666666666666 0.16666666666666666 0.16666666666666666 0.16666666666666666
0.23696519963858356 0.16666666666666666 0.16666666666666666 0.21881062479676935 0.3793068661217169 0.2768893633392568
0.20612625552552563 0.16666666666666666 0.22872062479676936 0.17323666666666665 0.19229646109609613 0.22019604995495512
0.17492666666666665 0.16666666666666666 0.17829666666666666 0.17002666666666666 0.17474666666666666 0.17171666666666666
0.16998666666666665 0.16666666666666666 0.17172666666666667 0.17006666666666667 0.17168666666666665 0.16832666666666665
0.16666666666666666 0.16666666666666666 0.17006666666666667 0.16666666666666666 0.16666666666666666 0.16666666666666666
0.16666666666666666 0.16666666666666666 0.16666666666666666 0.16666666666666666 0.16666666666666666 0.16666666666666666
0.16666666666666666 0.16666666666666666 0.16666666666666666 0.16666666666666666 0.16666666666666666 0.16666666666666666
0.16666666666666666 0.16666666666666666 0.16666666666666666 0.16666666666666666 0.16666666666666666 0.16666666666666666
0.16666666666666666 0.16666666666666666 0.16666666666666666 0.16666666666666666 0.16666666666666666 0.16666666666666666
0.16666666666666666 0.16666666666666666 0.16666666666666666 0.16666666666666666 0.16666666666666666 0.16666666666666666
0.16666666666666666 0.16666666666666666 0.16666666666666666 0.16666666666666666 0.16666666666666666 0.16666666666666666
0.16666666666666666 0.16666666666666666 0.16666666666666666 0.16666666666666666 0.16666666666666666 0.16666666666666666
0.16666666666666666 0.16666666666666666 0.16666666666666666 0.16666666666666666 0.16666666666666666 0.16666666666666666
0.16666666666666666 0.16666666666666666 0.16666666666666666 0.16666666666666666 0.16666666666666666 0.16666666666666666
0.16666666666666666 0.16666666666666666 0.16666666666666666 0.16666666666666666 0.16666666666666666 0.16666666666666666
0.16666666666666666 0.16666666666666666 0.16666666666666666 0.16666666666666666 0.16666666666666666 0.16666666666666666
0.16666666666666666 0.16666666666666666 0.16666666666666666 0.16666666666666666 0.16666666666666666 0.16666666666666666
0.16666666666666666 0.16666666666666666 0.16666666666666666 0.16666666666666666 0.16666666666666666 0.16666666666666666
0.16666666666666666 0.16666666666666666 0.16666666666666666 0.16666666666666666 0.16666666666666666 0.16666666666666666
0.24984588583147072 0.16666666666666666 0.2545314162635174 0.22077625552552557 0.5103632810956267 0.16666666666666666
0.16666666666666666 0.16666666666666666 0.16666666666666666 0.16666666666666666 0.16666666666666666 0.16666666666666666
0.16666666666666666 0.16666666666666666 0.16666666666666666 0.16666666666666666 0.16666666666666666 0.16666666666666666
0.16666666666666666 0.16666666666666666 0.16666666666666666 0.16666666666666666 0.16666666666666666 0.16666666666666666
0.16666666666666666 0.16666666666666666 0.16666666666666666 0.16666666666666666 0.16666666666666666 0.16666666666666666
0.16666666666666666 0.16666666666666666 0.16666666666666666 0.16666666666666666 0.16666666666666666 0.16666666666666666
0.16666666666666666 0.16666666666666666 0.16666666666666666 0.16666666666666666 0.16666666666666666 0.16666666666666666
0.16666666666666666 0.16666666666666666 0.16666666666666666 0.16666666666666666 0.16666666666666666 0.16666666666666666
0.16666666666666666 0.16666666666666666 0.16666666666666666 0.16666666666666666 0.16666666666666666 0.16666666666666666
0.16666666666666666 0.16666666666666666 0.16666666666666666 0.16666666666666666 0.16666666666666666 0.16666666666666666
0.16666666666666666 0.16666666666666666 0.16666666666666666 0.16666666666666666 0.16666666666666666 0.16666666666666666
0.16666666666666666 0.16666666666666666 0.16666666666666666 0.16666666666666666 0.16666666666666666 0.16666666666666666
0.16666666666666666 0.16666666666666666 0.16666666666666666 0.16666666666666666 0.16666666666666666 0.16666666666666666
0.16666666666666666 0.16666666666666666 0.16666666666666666 0.16666666666666666 0.16666666666666666 0.16666666666666666
0.16666666666666666 0.16666666666666666 0.16666666666666666 0.16666666666666666 0.16666666666666666 0.16666666666666666
0.16666666666666666 0.16666666666666666 0.16666666666666666 0.16666666666666666 0.16666666666666666 0.16666666666666666
0.16666666666666666 0.16666666666666666 0.16666666666666666 0.16666666666666666 0.16666666666666666 0.16666666666666666
0.16666666666666666 0.16666666666666666 0.16666666666666666 0.16666666666666666 0.16666666666666666 0.16666666666666666
0.16666666666666666 0.16666666666666666 0.16666666666666666 0.16666666666666666 0.16666666666666666 0.16666666666666666
0.48326595339011424 0.16666666666666666 0.5495872106093782 0.266302512135063 1.0219885879465365 0.2478307763416189
0.16666666666666666 0.16666666666666666 0.16666666666666666 0.16666666666666666 0.16666666666666666 0.16666666666666666
0.16666666666666666 0.16666666666666666 0.16666666666666666 0.16666666666666666 0.16666666666666666 0.16666666666666666
0.16666666666666666 0.16666666666666666 0.16666666666666666 0.16666666666666666 0.16666666666666666 0.16666666666666666
0.16666666666666666 0.16666666666666666 0.16666666666666666 0.16666666666666666 0.16666666666666666 0.16666666666666666
0.16666666666666666 0.16666666666666666 0.16666666666666666 0.16666666666666666 0.16666666666666666 0.16666666666666666
0.16666666666666666 0.16666666666666666 0.16666666666666666 0.16666666666666666 0.16666666666666666 0.16666666666666666
0.16666666666666666 0.16666666666666666 0.16666666666666666 0.16666666666666666 0.16666666666666666 0.16666666666666666
0.16666666666666666 0.16666666666666666 0.16666666666666666 0.16666666666666666 0.16666666666666666 0.16666666666666666
0.16666666666666666 0.16666666666666666 0.16666666666666666 0.16666666666666666 0.16666666666666666 0.16666666666666666
0.16666666666666666 0.16666666666666666 0.16666666666666666 0.16666666666666666 0.16666666666666666 0.16666666666666666
0.16666666666666666 0.16666666666666666 0.16666666666666666 0.16666666666666666 0.16666666666666666 0.16666666666666666
0.16666666666666666 0.16666666666666666 0.16666666666666666 0.16666666666666666 0.16666666666666666 0.16666666666666666
0.16666666666666666 0.16666666666666666 0.16666666666666666 0.16666666666666666 0.16666666666666666 0.16666666666666666
0.16666666666666666 0.16666666666666666 0.16666666666666666 0.16666666666666666 0.16666666666666666 0.16666666666666666
0.16666666666666666 0.16666666666666666 0.16666666666666666 0.16666666666666666 0.16666666666666666 0.16666666666666666
0.16666666666666666 0.16666666666666666 0.16666666666666666 0.16666666666666666 0.16666666666666666 0.16666666666666666
0.16666666666666666 0.16666666666666666 0.16666666666666666 0.16666666666666666 0.16666666666666666 0.16666666666666666
0.16666666666666666 0.16666666666666666 0.16666666666666666 0.16666666666666666 0.16666666666666666 0.16666666666666666
0.16666666666666666 0.16666666666666666 0.16666666666666666 0.16666666666666666 0.16666666666666666 0.16666666666666666
0.16666666666666666 0.16666666666666666 0.16666666666666666 0.16666666666666666 0.16666666666666666 0.16666666666666666
0.16666666666666666 0.16666666666666666 0.16666666666666666 0.16666666666666666 0.16666666666666666 0.16666666666666666
0.16666666666666666 0.16666666666666666 0.16666666666666666 0.16666666666666666 0.16666666666666666 0.16666666666666666
0.16666666666666666 0.16666666666666666 0.16666666666666666 0.16666666666666666 0.16666666666666666 0.16666666666666666
0.16666666666666666 0.16666666666666666 0.16666666666666666 0.16666666666666666 0.16666666666666666 0.16666666666666666
0.16666666666666666 0.16666666666666666 0.16666666666666666 0.16666666666666666 0.16666666666666666 0.16666666666666666
0.16666666666666666 0.16666666666666666 0.16666666666666666 0.16666666666666666 0.16666666666666666 0.16666666666666666
0.16666666666666666 0.16666666666666666 0.16666666666666666 0.16666666666666666 0.16666666666666666 0.16666666666666666
0.16666666666666666 0.16666666666666666 0.16666666666666666 0.16666666666666666 0.16666666666666666 0.16666666666666666
0.16666666666666666 0.16666666666666666 0.16666666666666666 0.16666666666666666 0.16666666666666666 0.16666666666666666
0.16666666666666666 0.16666666666666666 0.16666666666666666 0.16666666666666666 0.16666666666666666 0.16666666666666666
0.16666666666666666 0.16666666666666666 0.16666666666666666 0.16666666666666666 0.16666666666666666 0.16666666666666666
0.16666666666666666 0.16666666666666666 0.16666666666666666 0.16666666666666666 0.16666666666666666 0.16666666666666666
0.16666666666666666 0.16666666666666666 0.16666666666666666 0.16666666666666666 0.16666666666666666 0.16666666666666666
0.16666666666666666 0.16666666666666666 0.16666666666666666 0.16666666666666666 0.16666666666666666 0.16666666666666666
0.16666666666666666 0.16666666666666666 0.16666666666666666 0.16666666666666666 0.16666666666666666 0.16666666666666666
0.16666666666666666 0.16666666666666666 0.16666666666666666 0.16666666666666666 0.16666666666666666 0.16666666666666666
0.16666666666666666 0.16666666666666666 0.16666666666666666 0.16666666666666666 0.16666666666666666 0.16666666666666666
1.2398930558888999 0.16666666666666666 0.16666666666666666 3.18206806382472 0.16666666666666666 2.465901390639633
1.142951648667856 0.16666666666666666 0.6670652491496663 2.905676186837233 0.7647487536016057 0.38530591398997943
1.647098179759448 0.30600455288825296 0.8558245607287971 4.486774991063502 1.6002285024852283 1.9465619683787356
3.7127231365089073 0.21774093835512137 1.7094781042084717 7.03420620436337 2.510699863114872 3.122350569759025
4.312445298451303 0.2204443750196976 2.2380869412058186 5.90485660458621 0.16666666666666666 19.38409115619697
3.535897042348861 0.17151666666666665 3.084557527539577 4.5975326169812964 2.1576384644375954 9.361169763630981
7.528382136604432 0.16832666666666665 3.439701334096817 1.363281804073398 2.558340281907639 14.05582853084981
5.852558086556666 0.16666666666666666 3.4157033587158794 0.16666666666666666 2.82345811542022 17.53071823103227
0.16666666666666666 0.16666666666666666 0.16666666666666666 0.16666666666666666 0.16666666666666666 0.16666666666666666
0.16666666666666666 0.16666666666666666 0.16666666666666666 0.16666666666666666 0.16666666666666666 0.16666666666666666
0.16666666666666666 0.16666666666666666 0.16666666666666666 0.16666666666666666 0.16666666666666666 0.16666666666666666
0.16666666666666666 0.16666666666666666 0.16666666666666666 0.16666666666666666 0.16666666666666666 0.16666666666666666
0.16666666666666666 0.16666666666666666 0.16666666666666666 0.16666666666666666 0.16666666666666666 0.16666666666666666
0.16666666666666666 0.16666666666666666 0.16666666666666666 0.16666666666666666 0.16666666666666666 0.16666666666666666
0.16666666666666666 0.16666666666666666 0.16666666666666666 0.16666666666666666 0.16666666666666666 0.16666666666666666
0.16666666666666666 0.16666666666666666 0.16666666666666666 0.16666666666666666 0.16666666666666666 0.16666666666666666
0.16666666666666666 0.16666666666666666 0.16666666666666666 0.16666666666666666 0.16666666666666666 0.16666666666666666
0.16666666666666666 0.16666666666666666 0.16666666666666666 0.16666666666666666 0.16666666666666666 0.16666666666666666
0.16666666666666666 0.16666666666666666 0.16666666666666666 0.16666666666666666 0.16666666666666666 0.16666666666666666
0.16666666666666666 0.16666666666666666 0.16666666666666666 0.16666666666666666 0.16666666666666666 0.16666666666666666
0.16666666666666666 0.16666666666666666 0.16666666666666666 0.16666666666666666 0.16666666666666666 0.16666666666666666
0.16666666666666666 0.16666666666666666 0.16666666666666666 0.16666666666666666 0.16666666666666666 0.16666666666666666
0.16666666666666666 0.16666666666666666 0.16666666666666666 0.16666666666666666 0.16666666666666666 0.16666666666666666
0.16666666666666666 0.16666666666666666 0.16666666666666666 0.16666666666666666 0.16666666666666666 0.16666666666666666
0.16666666666666666 0.16666666666666666 0.16666666666666666 0.16666666666666666 0.16666666666666666 0.16666666666666666
0.16666666666666666 0.16666666666666666 0.16666666666666666 0.16666666666666666 0.16666666666666666 0.16666666666666666
0.16666666666666666 0.16666666666666666 0.16666666666666666 0.16666666666666666 0.16666666666666666 0.16666666666666666
0.16666666666666666 0.16666666666666666 0.16666666666666666 0.16666666666666666 0.16666666666666666 0.16666666666666666
0.16666666666666666 0.16666666666666666 0.16666666666666666 0.16666666666666666 0.16666666666666666 0.16666666666666666
0.16666666666666666 0.16666666666666666 0.16666666666666666 0.16666666666666666 0.16666666666666666 0.16666666666666666
0.16666666666666666 0.16666666666666666 0.16666666666666666 0.16666666666666666 0.16666666666666666 0.16666666666666666
0.16666666666666666 0.16666666666666666 0.16666666666666666 0.16666666666666666 0.16666666666666666 0.16666666666666666
0.16666666666666666 0.16666666666666666 0.16666666666666666 0.16666666666666666 0.16666666666666666 0.16666666666666666
0.16666666666666666 0.16666666666666666 0.16666666666666666 0.16666666666666666 0.16666666666666666 0.16666666666666666
0.16666666666666666 0.16666666666666666 0.16666666666666666 0.16666666666666666 0.16666666666666666 0.16666666666666666
0.16666666666666666 0.16666666666666666 0.16666666666666666 0.16666666666666666 0.16666666666666666 0.16666666666666666
0.16666666666666666 0.16666666666666666 0.16666666666666666 0.16666666666666666 0.16666666666666666 0.16666666666666666
0.16666666666666666 0.16666666666666666 0.16666666666666666 0.16666666666666666 0.16666666666666666 0.16666666666666666
0.16666666666666666 0.16666666666666666 0.16666666666666666 0.16666666666666666 0.16666666666666666 0.16666666666666666
0.16666666666666666 0.16666666666666666 0.16666666666666666 0.16666666666666666 0.16666666666666666 0.16666666666666666
0.16666666666666666 0.16666666666666666 0.16666666666666666 0.16666666666666666 0.16666666666666666 0.16666666666666666
0.16666666666666666 0.16666666666666666 0.16666666666666666 0.16666666666666666 0.16666666666666666 0.16666666666666666
0.16666666666666666 0.16666666666666666 0.16666666666666666 0.16666666666666666 0.16666666666666666 0.16666666666666666
0.16666666666666666 0.16666666666666666 0.16666666666666666 0.16666666666666666 0.16666666666666666 0.16666666666666666
0.16666666666666666 0.16666666666666666 0.16666666666666666 0.16666666666666666 0.16666666666666666 0.16666666666666666
0.16666666666666666 0.16666666666666666 0.16666666666666666 0.16666666666666666 0.16666666666666666 0.16666666666666666
0.16666666666666666 0.16666666666666666 0.16666666666666666 0.16666666666666666 0.16666666666666666 0.16666666666666666
0.16666666666666666 0.16666666666666666 0.16666666666666666 0.16666666666666666 0.16666666666666666 0.16666666666666666
6.929888827308784 0.16666666666666666 3.982273617825151 1.9129688839876668 3.035812559840852 23.60990157003725
4.7628935274563196 0.16666666666666666 3.298806057537065 0.16666666666666666 3.4968028056293337 27.867241610803273
0.16666666666666666 0.16666666666666666 0.16666666666666666 0.16666666666666666 0.16666666666666666 0.16666666666666666
0.16666666666666666 0.16666666666666666 0.16666666666666666 0.16666666666666666 0.16666666666666666 0.16666666666666666
0.16666666666666666 0.16666666666666666 0.16666666666666666 0.16666666666666666 0.16666666666666666 0.16666666666666666
0.16666666666666666 0.16666666666666666 0.16666666666666666 0.16666666666666666 0.16666666666666666 0.16666666666666666
0.16666666666666666 0.16666666666666666 0.16666666666666666 0.16666666666666666 0.16666666666666666 0.16666666666666666
0.16666666666666666 0.16666666666666666 0.16666666666666666 0.16666666666666666 0.16666666666666666 0.16666666666666666
0.16666666666666666 0.16666666666666666 0.16666666666666666 0.16666666666666666 0.16666666666666666 0.16666666666666666
0.16666666666666666 0.16666666666666666 0.16666666666666666 0.16666666666666666 0.16666666666666666 0.16666666666666666
0.16666666666666666 0.16666666666666666 0.16666666666666666 0.16666666666666666 0.16666666666666666 0.16666666666666666
0.16666666666666666 0.16666666666666666 0.16666666666666666 0.16666666666666666 0.16666666666666666 0.16666666666666666
0.16666666666666666 0.16666666666666666 0.16666666666666666 0.16666666666666666 0.16666666666666666 0.16666666666666666
0.16666666666666666 0.16666666666666666 0.16666666666666666 0.16666666666666666 0.16666666666666666 0.16666666666666666
0.16666666666666666 0.16666666666666666 0.16666666666666666 0.16666666666666666 0.16666666666666666 0.16666666666666666
0.16666666666666666 0.16666666666666666 0.16666666666666666 0.16666666666666666 0.16666666666666666 0.16666666666666666
0.16666666666666666 0.16666666666666666 0.16666666666666666 0.16666666666666666 0.16666666666666666 0.16666666666666666
0.16666666666666666 0.16666666666666666 0.16666666666666666 0.16666666666666666 0.16666666666666666 0.16666666666666666
0.16666666666666666 0.16666666666666666 0.16666666666666666 0.16666666666666666 0.16666666666666666 0.16666666666666666
0.16666666666666666 0.16666666666666666 0.16666666666666666 0.16666666666666666 0.16666666666666666 0.16666666666666666
0.16666666666666666 0.16666666666666666 0.16666666666666666 0.16666666666666666 0.16666666666666666 0.16666666666666666
0.16666666666666666 0.16666666666666666 0.16666666666666666 0.16666666666666666 0.16666666666666666 0.16666666666666666
0.16666666666666666 0.16666666666666666 0.16666666666666666 0.16666666666666666 0.16666666666666666 0.16666666666666666
0.16666666666666666 0.16666666666666666 0.16666666666666666 0.16666666666666666 0.16666666666666666 0.16666666666666666
0.16666666666666666 0.16666666666666666 0.16666666666666666 0.16666666666666666 0.16666666666666666 0.16666666666666666
0.16666666666666666 0.16666666666666666 0.16666666666666666 0.16666666666666666 0.16666666666666666 0.16666666666666666
0.16666666666666666 0.16666666666666666 0.16666666666666666 0.16666666666666666 0.16666666666666666 0.16666666666666666
0.16666666666666666 0.16666666666666666 0.16666666666666666 0.16666666666666666 0.16666666666666666 0.16666666666666666
0.16666666666666666 0.16666666666666666 0.16666666666666666 0.16666666666666666 0.16666666666666666 0.16666666666666666
0.16666666666666666 0.16666666666666666 0.16666666666666666 0.16666666666666666 0.16666666666666666 0.16666666666666666
0.16666666666666666 0.16666666666666666 0.16666666666666666 0.16666666666666666 0.16666666666666666 0.16666666666666666
0.16666666666666666 0.16666666666666666 0.16666666666666666 0.16666666666666666 0.16666666666666666 0.16666666666666666
0.16666666666666666 0.16666666666666666 0.16666666666666666 0.16666666666666666 0.16666666666666666 0.16666666666666666
0.16666666666666666 0.16666666666666666 0.16666666666666666 0.16666666666666666 0.16666666666666666 0.16666666666666666
0.16666666666666666 0.16666666666666666 0.16666666666666666 0.16666666666666666 0.16666666666666666 0.16666666666666666
0.16666666666666666 0.16666666666666666 0.16666666666666666 0.16666666666666666 0.16666666666666666 0.16666666666666666
0.16666666666666666 0.16666666666666666 0.16666666666666666 0.16666666666666666 0.16666666666666666 0.16666666666666666
0.16666666666666666 0.16666666666666666 0.16666666666666666 0.16666666666666666 0.16666666666666666 0.16666666666666666
0.16666666666666666 0.16666666666666666 0.16666666666666666 0.16666666666666666 0.16666666666666666 0.16666666666666666
0.16666666666666666 0.16666666666666666 0.16666666666666666 0.16666666666666666 0.16666666666666666 0.16666666666666666
0.16666666666666666 0.16666666666666666 0.16666666666666666 0.16666666666666666 0.16666666666666666 0.16666666666666666
0.16666666666666666 0.16666666666666666 0.16666666666666666 0.16666666666666666 0.16666666666666666 0.16666666666666666
9.140950983069603 0.16666666666666666 3.470080157498965 4.31776851665215 4.169732374339292 43.219565159288415
14.00733184012364 0.16666666666666666 4.839632162240204 0.16666666666666666 3.8150946397372283 58.335708175938066
0.16666666666666666 0.16666666666666666 0.16666666666666666 0.16666666666666666 0.16666666666666666 0.16666666666666666
0.16666666666666666 0.16666666666666666 0.16666666666666666 0.16666666666666666 0.16666666666666666 0.16666666666666666
0.16666666666666666 0.16666666666666666 0.16666666666666666 0.16666666666666666 0.16666666666666666 0.16666666666666666
0.16666666666666666 0.16666666666666666 0.16666666666666666 0.16666666666666666 0.16666666666666666 0.16666666666666666
0.16666666666666666 0.16666666666666666 0.16666666666666666 0.16666666666666666 0.16666666666666666 0.16666666666666666
0.16666666666666666 0.16666666666666666 0.16666666666666666 0.16666666666666666 0.16666666666666666 0.16666666666666666
0.16666666666666666 0.16666666666666666 0.16666666666666666 0.16666666666666666 0.16666666666666666 0.16666666666666666
0.16666666666666666 0.16666666666666666 0.16666666666666666 0.16666666666666666 0.16666666666666666 0.16666666666666666
0.16666666666666666 0.16666666666666666 0.16666666666666666 0.16666666666666666 0.16666666666666666 0.16666666666666666
0.16666666666666666 0.16666666666666666 0.16666666666666666 0.16666666666666666 0.16666666666666666 0.16666666666666666
0.16666666666666666 0.16666666666666666 0.16666666666666666 0.16666666666666666 0.16666666666666666 0.16666666666666666
0.16666666666666666 0.16666666666666666 0.16666666666666666 0.16666666666666666 0.16666666666666666 0.16666666666666666
0.16666666666666666 0.16666666666666666 0.16666666666666666 0.16666666666666666 0.16666666666666666 0.16666666666666666
0.16666666666666666 0.16666666666666666 0.16666666666666666 0.16666666666666666 0.16666666666666666 0.16666666666666666
0.16666666666666666 0.16666666666666666 0.16666666666666666 0.16666666666666666 0.16666666666666666 0.16666666666666666
0.16666666666666666 0.16666666666666666 0.16666666666666666 0.16666666666666666 0.16666666666666666 0.16666666666666666
0.16666666666666666 0.16666666666666666 0.16666666666666666 0.16666666666666666 0.16666666666666666 0.16666666666666666
0.16666666666666666 0.16666666666666666 0.16666666666666666 0.16666666666666666 0.16666666666666666 0.16666666666666666
0.16666666666666666 0.16666666666666666 0.16666666666666666 0.16666666666666666 0.16666666666666666 0.16666666666666666
0.16666666666666666 0.16666666666666666 0.16666666666666666 0.16666666666666666 0.16666666666666666 0.16666666666666666
0.16666666666666666 0.16666666666666666 0.16666666666666666 0.16666666666666666 0.16666666666666666 0.16666666666666666
0.16666666666666666 0.16666666666666666 0.16666666666666666 0.16666666666666666 0.16666666666666666 0.16666666666666666
0.16666666666666666 0.16666666666666666 0.16666666666666666 0.16666666666666666 0.16666666666666666 0.16666666666666666
0.16666666666666666 0.16666666666666666 0.16666666666666666 0.16666666666666666 0.16666666666666666 0.16666666666666666
0.16666666666666666 0.16666666666666666 0.16666666666666666 0.16666666666666666 0.16666666666666666 0.16666666666666666
0.16666666666666666 0.16666666666666666 0.16666666666666666 0.16666666666666666 0.16666666666666666 0.16666666666666666
0.16666666666666666 0.16666666666666666 0.16666666666666666 0.16666666666666666 0.16666666666666666 0.16666666666666666
0.16666666666666666 0.16666666666666666 0.16666666666666666 0.16666666666666666 0.16666666666666666 0.16666666666666666
0.16666666666666666 0.16666666666666666 0.16666666666666666 0.16666666666666666 0.16666666666666666 0.16666666666666666
0.16666666666666666 0.16666666666666666 0.16666666666666666 0.16666666666666666 0.16666666666666666 0.16666666666666666
0.16666666666666666 0.16666666666666666 0.16666666666666666 0.16666666666666666 0.16666666666666666 0.16666666666666666
0.16666666666666666 0.16666666666666666 0.16666666666666666 0.16666666666666666 0.16666666666666666 0.16666666666666666
0.16666666666666666 0.16666666666666666 0.16666666666666666 0.16666666666666666 0.16666666666666666 0.16666666666666666
0.16666666666666666 0.16666666666666666 0.16666666666666666 0.16666666666666666 0.16666666666666666 0.16666666666666666
0.16666666666666666 0.16666666666666666 0.16666666666666666 0.16666666666666666 0.16666666666666666 0.16666666666666666
0.16666666666666666 0.16666666666666666 0.16666666666666666 0.16666666666666666 0.16666666666666666 0.16666666666666666
0.16666666666666666 0.16666666666666666 0.16666666666666666 0.16666666666666666 0.16666666666666666 0.16666666666666666
0.16666666666666666 0.16666666666666666 0.16666666666666666 0.16666666666666666 0.16666666666666666 0.16666666666666666
0.16666666666666666 0.16666666666666666 0.16666666666666666 0.16666666666666666 0.16666666666666666 0.16666666666666666
0.16666666666666666 0.16666666666666666 0.16666666666666666 0.16666666666666666 0.16666666666666666 0.16666666666666666
24.422769911201797 0.16666666666666666 8.137781729346663 17.164494537188727 6.883746608100042 98.49949906113434
30.51286491183499 0.16666666666666666 15.743064121392067 0.16666666666666666 15.805772910587452 149.19839586924638
0.16666666666666666 0.16666666666666666 0.16666666666666666 0.16666666666666666 0.16666666666666666 0.16666666666666666
0.16666666666666666 0.16666666666666666 0.16666666666666666 0.16666666666666666 0.16666666666666666 0.16666666666666666
0.16666666666666666 0.16666666666666666 0.16666666666666666 0.16666666666666666 0.16666666666666666 0.16666666666666666
0.16666666666666666 0.16666666666666666 0.16666666666666666 0.16666666666666666 0.16666666666666666 0.16666666666666666
0.16666666666666666 0.16666666666666666 0.16666666666666666 0.16666666666666666 0.16666666666666666 0.16666666666666666
0.16666666666666666 0.16666666666666666 0.16666666666666666 0.16666666666666666 0.16666666666666666 0.16666666666666666
0.16666666666666666 0.16666666666666666 0.16666666666666666 0.16666666666666666 0.16666666666666666 0.16666666666666666
0.16666666666666666 0.16666666666666666 0.16666666666666666 0.16666666666666666 0.16666666666666666 0.16666666666666666
0.16666666666666666 0.16666666666666666 0.16666666666666666 0.16666666666666666 0.16666666666666666 0.16666666666666666
0.16666666666666666 0.16666666666666666 0.16666666666666666 0.16666666666666666 0.16666666666666666 0.16666666666666666
0.16666666666666666 0.16666666666666666 0.16666666666666666 0.16666666666666666 0.16666666666666666 0.16666666666666666
0.16666666666666666 0.16666666666666666 0.16666666666666666 0.16666666666666666 0.16666666666666666 0.16666666666666666
0.16666666666666666 0.16666666666666666 0.16666666666666666 0.16666666666666666 0.16666666666666666 0.16666666666666666
0.16666666666666666 0.16666666666666666 0.16666666666666666 0.16666666666666666 0.16666666666666666 0.16666666666666666
0.16666666666666666 0.16666666666666666 0.16666666666666666 0.16666666666666666 0.16666666666666666 0.16666666666666666
0.16666666666666666 0.16666666666666666 0.16666666666666666 0.16666666666666666 0.16666666666666666 0.16666666666666666
0.16666666666666666 0.16666666666666666 0.16666666666666666 0.16666666666666666 0.16666666666666666 0.16666666666666666
0.16666666666666666 0.16666666666666666 0.16666666666666666 0.16666666666666666 0.16666666666666666 0.16666666666666666
0.16666666666666666 0.16666666666666666 0.16666666666666666 0.16666666666666666 0.16666666666666666 0.16666666666666666
0.16666666666666666 0.16666666666666666 0.16666666666666666 0.16666666666666666 0.16666666666666666 0.16666666666666666
0.16666666666666666 0.16666666666666666 0.16666666666666666 0.16666666666666666 0.16666666666666666 0.16666666666666666
0.16666666666666666 0.16666666666666666 0.16666666666666666 0.16666666666666666 0.16666666666666666 0.16666666666666666
0.16666666666666666 0.16666666666666666 0.16666666666666666 0.16666666666666666 0.16666666666666666 0.16666666666666666
0.16666666666666666 0.16666666666666666 0.16666666666666666 0.16666666666666666 0.16666666666666666 0.16666666666666666
0.16666666666666666 0.16666666666666666 0.16666666666666666 0.16666666666666666 0.16666666666666666 0.16666666666666666
0.16666666666666666 0.16666666666666666 0.16666666666666666 0.16666666666666666 0.16666666666666666 0.16666666666666666
0.16666666666666666 0.16666666666666666 0.16666666666666666 0.16666666666666666 0.16666666666666666 0.16666666666666666
0.16666666666666666 0.16666666666666666 0.16666666666666666 0.16666666666666666 0.16666666666666666 0.16666666666666666
0.16666666666666666 0.16666666666666666 0.16666666666666666 0.16666666666666666 0.16666666666666666 0.16666666666666666
0.16666666666666666 0.16666666666666666 0.16666666666666666 0.16666666666666666 0.16666666666666666 0.16666666666666666
0.16666666666666666 0.16666666666666666 0.16666666666666666 0.16666666666666666 0.16666666666666666 0.16666666666666666
0.16666666666666666 0.16666666666666666 0.16666666666666666 0.16666666666666666 0.16666666666666666 0.16666666666666666
0.16666666666666666 0.16666666666666666 0.16666666666666666 0.16666666666666666 0.16666666666666666 0.16666666666666666
0.16666666666666666 0.16666666666666666 0.16666666666666666 0.16666666666666666 0.16666666666666666 0.16666666666666666
0.16666666666666666 0.16666666666666666 0.16666666666666666 0.16666666666666666 0.16666666666666666 0.16666666666666666
0.16666666666666666 0.16666666666666666 0.16666666666666666 0.16666666666666666 0.16666666666666666 0.16666666666666666
0.16666666666666666 0.16666666666666666 0.16666666666666666 0.16666666666666666 0.16666666666666666 0.16666666666666666
0.16666666666666666 0.16666666666666666 0.16666666666666666 0.16666666666666666 0.16666666666666666 0.16666666666666666
0.16666666666666666 0.16666666666666666 0.16666666666666666 0.16666666666666666 0.16666666666666666 0.16666666666666666
0.16666666666666666 0.16666666666666666 0.16666666666666666 0.16666666666666666 0.16666666666666666 0.16666666666666666
211.87996994194185 0.16666666666666666 25.088598759688566 49.03316451278912 1275.6454373215265 49.717395523201304
213.8845206850656 0.16666666666666666 78.64183769274854 0.16666666666666666 1000.4457663181694 0.16666666666666666
0.16666666666666666 0.16666666666666666 0.16666666666666666 0.16666666666666666 0.16666666666666666 0.16666666666666666
0.16666666666666666 0.16666666666666666 0.16666666666666666 0.16666666666666666 0.16666666666666666 0.16666666666666666
0.16666666666666666 0.16666666666666666 0.16666666666666666 0.16666666666666666 0.16666666666666666 0.16666666666666666
0.16666666666666666 0.16666666666666666 0.16666666666666666 0.16666666666666666 0.16666666666666666 0.16666666666666666
0.16666666666666666 0.16666666666666666 0.16666666666666666 0.16666666666666666 0.16666666666666666 0.16666666666666666
0.16666666666666666 0.16666666666666666 0.16666666666666666 0.16666666666666666 0.16666666666666666 0.16666666666666666
0.16666666666666666 0.16666666666666666 0.16666666666666666 0.16666666666666666 0.16666666666666666 0.16666666666666666
0.16666666666666666 0.16666666666666666 0.16666666666666666 0.16666666666666666 0.16666666666666666 0.16666666666666666
0.16666666666666666 0.16666666666666666 0.16666666666666666 0.16666666666666666 0.16666666666666666 0.16666666666666666
0.16666666666666666 0.16666666666666666 0.16666666666666666 0.16666666666666666 0.16666666666666666 0.16666666666666666
0.16666666666666666 0.16666666666666666 0.16666666666666666 0.16666666666666666 0.16666666666666666 0.16666666666666666
0.16666666666666666 0.16666666666666666 0.16666666666666666 0.16666666666666666 0.16666666666666666 0.16666666666666666
0.16666666666666666 0.16666666666666666 0.16666666666666666 0.16666666666666666 0.16666666666666666 0.16666666666666666
0.16666666666666666 0.16666666666666666 0.16666666666666666 0.16666666666666666 0.16666666666666666 0.16666666666666666
0.16666666666666666 0.16666666666666666 0.16666666666666666 0.16666666666666666 0.16666666666666666 0.16666666666666666
0.16666666666666666 0.16666666666666666 0.16666666666666666 0.16666666666666666 0.16666666666666666 0.16666666666666666
0.16666666666666666 0.16666666666666666 0.16666666666666666 0.16666666666666666 0.16666666666666666 0.16666666666666666
0.16666666666666666 0.16666666666666666 0.16666666666666666 0.16666666666666666 0.16666666666666666 0.16666666666666666
0.16666666666666666 0.16666666666666666 0.16666666666666666 0.16666666666666666 0.16666666666666666 0.16666666666666666
0.16666666666666666 0.16666666666666666 0.16666666666666666 0.16666666666666666 0.16666666666666666 0.16666666666666666
0.16666666666666666 0.16666666666666666 0.16666666666666666 0.16666666666666666 0.16666666666666666 0.16666666666666666
0.16666666666666666 0.16666666666666666 0.16666666666666666 0.16666666666666666 0.16666666666666666 0.16666666666666666
0.16666666666666666 0.16666666666666666 0.16666666666666666 0.16666666666666666 0.16666666666666666 0.16666666666666666
0.16666666666666666 0.16666666666666666 0.16666666666666666 0.16666666666666666 0.16666666666666666 0.16666666666666666
0.16666666666666666 0.16666666666666666 0.16666666666666666 0.16666666666666666 0.16666666666666666 0.16666666666666666
0.16666666666666666 0.16666666666666666 0.16666666666666666 0.16666666666666666 0.16666666666666666 0.16666666666666666
0.16666666666666666 0.16666666666666666 0.16666666666666666 0.16666666666666666 0.16666666666666666 0.16666666666666666
0.16666666666666666 0.16666666666666666 0.16666666666666666 0.16666666666666666 0.16666666666666666 0.16666666666666666
0.16666666666666666 0.16666666666666666 0.16666666666666666 0.16666666666666666 0.16666666666666666 0.16666666666666666
0.16666666666666666 0.16666666666666666 0.16666666666666666 0.16666666666666666 0.16666666666666666 0.16666666666666666
0.16666666666666666 0.16666666666666666 0.16666666666666666 0.16666666666666666 0.16666666666666666 0.16666666666666666
0.16666666666666666 0.16666666666666666 0.16666666666666666 0.16666666666666666 0.16666666666666666 0.16666666666666666
0.16666666666666666 0.16666666666666666 0.16666666666666666 0.16666666666666666 0.16666666666666666 0.16666666666666666
681.9840255876304 1.5819842683792078 0.16666666666666666 331.6766985370288 2748.623373471836 287.9338075231241
642.6207714647009 2.480884731210018 17.6978498671142 299.3503895223092 2666.5607370339994 231.6601939293952
602.6971697133554 4.470067440544815 483.25605907335466 253.01367387403292 2111.2735809141955 133.37648385513694
504.43908098500026 12.298903343844772 1029.4651218199817 176.12329210980798 1402.9661026301405 32.246821298124054
470.41055498510366 16.385098814193622 1090.1952354952548 119.72747404843446 1166.52384999636 0.16666666666666666
0.16666666666666666 0.16666666666666666 0.16666666666666666 0.16666666666666666 0.16666666666666666 0.16666666666666666
0.16666666666666666 0.16666666666666666 0.16666666666666666 0.16666666666666666 0.16666666666666666 0.16666666666666666
0.16666666666666666 0.16666666666666666 0.16666666666666666 0.16666666666666666 0.16666666666666666 0.16666666666666666
0.16666666666666666 0.16666666666666666 0.16666666666666666 0.16666666666666666 0.16666666666666666 0.16666666666666666
0.16666666666666666 0.16666666666666666 0.16666666666666666 0.16666666666666666 0.16666666666666666 0.16666666666666666
0.16666666666666666 0.16666666666666666 0.16666666666666666 0.16666666666666666 0.16666666666666666 0.16666666666666666
0.16666666666666666 0.16666666666666666 0.16666666666666666 0.16666666666666666 0.16666666666666666 0.16666666666666666
0.16666666666666666 0.16666666666666666 0.16666666666666666 0.16666666666666666 0.16666666666666666 0.16666666666666666
0.16666666666666666 0.16666666666666666 0.16666666666666666 0.16666666666666666 0.16666666666666666 0.16666666666666666
0.16666666666666666 0.16666666666666666 0.16666666666666666 0.16666666666666666 0.16666666666666666 0.16666666666666666
0.16666666666666666 0.16666666666666666 0.16666666666666666 0.16666666666666666 0.16666666666666666 0.16666666666666666
1051.1265278831524 1.1393066011084372 0.16666666666666666 586.8455129185015 4229.684844679688 588.1493558781249
943.5183921632968 1.2239601259712212 353.31729922372045 564.7551169402983 3260.4203653791287 560.8767619353769
907.4069429902536 1.3477055520626264 1024.4641598662447 586.350311473203 2356.6473131532903 560.1260221167583
2612.6404064541002 1.5139536730365641 10770.161864124531 342.34435288558524 1777.5743006023733 319.8230939452226
0.16666666666666666 0.16666666666666666 0.16666666666666666 0.16666666666666666 0.16666666666666666 0.16666666666666666
0.16666666666666666 0.16666666666666666 0.16666666666666666 0.16666666666666666 0.16666666666666666 0.16666666666666666
0.16666666666666666 0.16666666666666666 0.16666666666666666 0.16666666666666666 0.16666666666666666 0.16666666666666666
0.16666666666666666 0.16666666666666666 0.16666666666666666 0.16666666666666666 0.16666666666666666 0.16666666666666666
0.16666666666666666 0.16666666666666666 0.16666666666666666 0.16666666666666666 0.16666666666666666 0.16666666666666666
0.16666666666666666 0.16666666666666666 0.16666666666666666 0.16666666666666666 0.16666666666666666 0.16666666666666666
0.16666666666666666 0.16666666666666666 0.16666666666666666 0.16666666666666666 0.16666666666666666 0.16666666666666666
0.16666666666666666 0.16666666666666666 0.16666666666666666 0.16666666666666666 0.16666666666666666 0.16666666666666666
0.16666666666666666 0.16666666666666666 0.16666666666666666 0.16666666666666666 0.16666666666666666 0.16666666666666666
0.16666666666666666 0.16666666666666666 0.16666666666666666 0.16666666666666666 0.16666666666666666 0.16666666666666666
0.16666666666666666 0.16666666666666666 0.16666666666666666 0.16666666666666666 0.16666666666666666 0.16666666666666666
0.16666666666666666 0.16666666666666666 0.16666666666666666 0.16666666666666666 0.16666666666666666 0.16666666666666666
0.16666666666666666 0.16666666666666666 0.16666666666666666 0.16666666666666666 0.16666666666666666 0.16666666666666666
0.16666666666666666 0.16666666666666666 0.16666666666666666 0.16666666666666666 0.16666666666666666 0.16666666666666666
0.16666666666666666 0.16666666666666666 0.16666666666666666 0.16666666666666666 0.16666666666666666 0.16666666666666666
0.16666666666666666 0.16666666666666666 0.16666666666666666 0.16666666666666666 0.16666666666666666 0.16666666666666666
0.16666666666666666 0.16666666666666666 0.16666666666666666 0.16666666666666666 0.16666666666666666 0.16666666666666666
0.16666666666666666 0.16666666666666666 0.16666666666666666 0.16666666666666666 0.16666666666666666 0.16666666666666666
0.16666666666666666 0.16666666666666666 0.16666666666666666 0.16666666666666666 0.16666666666666666 0.16666666666666666
0.16666666666666666 0.16666666666666666 0.16666666666666666 0.16666666666666666 0.16666666666666666 0.16666666666666666
0.16666666666666666 0.16666666666666666 0.16666666666666666 0.16666666666666666 0.16666666666666666 0.16666666666666666
0.16666666666666666 0.16666666666666666 0.16666666666666666 0.16666666666666666 0.16666666666666666 0.16666666666666666
0.16666666666666666 0.16666666666666666 0.16666666666666666 0.16666666666666666 0.16666666666666666 0.16666666666666666
0.16666666666666666 0.16666666666666666 0.16666666666666666 0.16666666666666666 0.16666666666666666 0.16666666666666666
0.16666666666666666 0.16666666666666666 0.16666666666666666 0.16666666666666666 0.16666666666666666 0.16666666666666666
0.16666666666666666 0.16666666666666666 0.16666666666666666 0.16666666666666666 0.16666666666666666 0.16666666666666666
0.16666666666666666 0.16666666666666666 0.16666666666666666 0.16666666666666666 0.16666666666666666 0.16666666666666666
0.16666666666666666 0.16666666666666666 0.16666666666666666 0.16666666666666666 0.16666666666666666 0.16666666666666666
0.16666666666666666 0.16666666666666666 0.16666666666666666 0.16666666666666666 0.16666666666666666 0.16666666666666666
0.16666666666666666 0.16666666666666666 0.16666666666666666 0.16666666666666666 0.16666666666666666 0.16666666666666666
0.16666666666666666 0.16666666666666666 0.16666666666666666 0.16666666666666666 0.16666666666666666 0.16666666666666666
9683.612573917218 9647.34606057703 4198.764051719496 12407.761409662224 4183.194469056806 12347.788158732412
7280.795450347961 7300.734361255014 9203.842028315408 5479.1778483236785 9177.42364132602 5405.084452025783
6165.757653062228 6144.832355257713 8006.726608114689 4715.913208529136 7998.1858664330675 4054.7086568242303
5087.736444905712 5116.298736395286 6883.036449484705 4630.97477595154 6882.064055568421 2178.169951365373
4155.606982220761 4150.748813542346 5845.9875079974445 4428.184202468078 5840.0720604056305 712.9207001405425
4845.055031524067 5782.880706207462 5678.006116069648 3296.3217529655863 4822.123637489918 4841.886657428297
4196.887560626119 4641.017699282475 5454.298715292218 2815.33150820692 4191.758951839936 4201.355453687415
3622.046353401572 3863.1304360833724 4983.7593136887945 2337.056593384896 3613.7611277921005 3583.3981922514363
3048.7179791206277 3246.470765651418 4434.71586623956 1934.6781249292237 3059.760509151042 3050.222614510911
2614.654638184261 2683.331898830764 3923.862852181343 1633.3657987098636 2638.350623781768 2592.1532524588292
2293.6915376478228 2325.5997240015777 3484.397764113029 1450.1894450279774 2333.9663214994885 2285.49278335932
2043.6361698673036 2097.462501968394 3158.617896130667 1410.843229441385 2052.3785878496556 2048.3835640949064
1971.87156958638 2053.5954114448527 2971.405612196402 1453.1976524416539 1980.7928203901902 1996.0265941574332
1896.926452403111 2103.370316336185 2868.73061849935 1418.9545972201247 1931.888468735979 1899.9229708234689
2392.661604624763 2683.314769958921 3582.2230834546967 1030.807104115808 0.16666666666666666 6071.344787519709
1331.3064951962858 1464.8246242801242 3979.9987955231645 934.2544503504898 74.90768171093909 937.5193843404767
1422.0159592623772 1439.645183848664 3102.210040364971 692.9490947450319 1629.8074191092653 688.6990134834306
1147.9229463474862 1148.1782518052385 2189.1271831217896 361.2208195524222 1937.9493083002455 350.75493185250707
782.8814268742628 720.0298831672212 1688.4126529003138 53.455002848304275 1674.327164552289 53.383951270003664
12114.382489415448 13050.896058311686 28492.374414966165 0.16666666666666666 29909.00877567692 0.16666666666666666
0.16666666666666666 0.16666666666666666 0.16666666666666666 0.16666666666666666 0.16666666666666666 0.16666666666666666
0.16666666666666666 0.16666666666666666 0.16666666666666666 0.16666666666666666 0.16666666666666666 0.16666666666666666
0.16666666666666666 0.16666666666666666 0.16666666666666666 0.16666666666666666 0.16666666666666666 0.16666666666666666
0.16666666666666666 0.16666666666666666 0.16666666666666666 0.16666666666666666 0.16666666666666666 0.16666666666666666
0.16666666666666666 0.16666666666666666 0.16666666666666666 0.16666666666666666 0.16666666666666666 0.16666666666666666
0.16666666666666666 0.16666666666666666 0.16666666666666666 0.16666666666666666 0.16666666666666666 0.16666666666666666
0.16666666666666666 0.16666666666666666 0.16666666666666666 0.16666666666666666 0.16666666666666666 0.16666666666666666
0.16666666666666666 0.16666666666666666 0.16666666666666666 0.16666666666666666 0.16666666666666666 0.16666666666666666
0.16666666666666666 0.16666666666666666 0.16666666666666666 0.16666666666666666 0.16666666666666666 0.16666666666666666
0.16666666666666666 0.16666666666666666 0.16666666666666666 0.16666666666666666 0.16666666666666666 0.16666666666666666
0.16666666666666666 0.16666666666666666 0.16666666666666666 0.16666666666666666 0.16666666666666666 0.16666666666666666
0.16666666666666666 0.16666666666666666 0.16666666666666666 0.16666666666666666 0.16666666666666666 0.16666666666666666
0.16666666666666666 0.16666666666666666 0.16666666666666666 0.16666666666666666 0.16666666666666666 0.16666666666666666
0.16666666666666666 0.16666666666666666 0.16666666666666666 0.16666666666666666 0.16666666666666666 0.16666666666666666
0.16666666666666666 0.16666666666666666 0.16666666666666666 0.16666666666666666 0.16666666666666666 0.16666666666666666
0.16666666666666666 0.16666666666666666 0.16666666666666666 0.16666666666666666 0.16666666666666666 0.16666666666666666
0.16666666666666666 0.16666666666666666 0.16666666666666666 0.16666666666666666 0.16666666666666666 0.16666666666666666
0.16666666666666666 0.16666666666666666 0.16666666666666666 0.16666666666666666 0.16666666666666666 0.16666666666666666
0.16666666666666666 0.16666666666666666 0.16666666666666666 0.16666666666666666 0.16666666666666666 0.16666666666666666
0.16666666666666666 0.16666666666666666 0.16666666666666666 0.16666666666666666 0.16666666666666666 0.16666666666666666
